#
#Fri Jul 03 19:08:35 CDT 2015
cdt.managedbuild.config.gnu.cross.so.debug.1514363260=1318340462
cdt.managedbuild.config.gnu.cross.so.release.718190585.1586102546=523213475
cdt.managedbuild.config.gnu.cross.so.debug.1514363260.705387028=1734762831
cdt.managedbuild.config.gnu.cross.so.release.718190585=1364408427
